															//304648729703466 - discarded
															//456164607741790 - discarded
															//125087534254434 - accepted
192917510739955
166321896810517
436936003045729
163347802686
520848384622700
166426893416087
78164750699
861895717240024
123716397803186
404105113030796
466750420111234
213839585448059
437856706251061
356983504400156
112332265596216
520848384622700
531752773523381
650890731594964
501916596556363
157736211076361
423411031005624
321476817965918
42833420869
116743595037026
344088072348002
605079939601936
914561061892483
104071433016374
220266924662120
303265523067752
															//48171250774
1546978348891191
392351457480753
452614194757744
160764780769901
139169569465080
158329434226344
2222107764
172025699544799
135050016622897
345196188842148
429799667149657
169422686527333
193252980718262
342350035861305
184396074905206
174237112637431
147204862140819
17647299304
330486193693264
524156214416700
1703473933213030
5023646748
2976351851
2201437605
2204629320
414922995254033
1617575358460290
199456403537988
210791805618457
197288190343208
531143383572988
145884935476322
615828881814154
301386359988049
113378477984
1628088717410164
139890772748238
532540013557430
320979184608988
2392064603
484618291590939
1434276453524510
411741268877125
246524675428549
196061473899983
165368336838854
702702243080718
152214258243094
226224080914061
1414871112133413
1455006791426924
441597632598281
356650711075435
169122689961078
558101650972749
277166489110437
155693674503445
284445808400923
38098416405
